0.35191583
0.4342759
0.4342759
0.4342759
0.4342759
0.4342759
0.56440976
0.56440976
0.56440976
0.56440976
0.56440976
0.56440976
0.56440976
0.56440976
0.56440976
0.56440976
0.56440976
0.56440976
0.56440976
0.78737526
0.78737526
0.78737526
0.78737526
0.78737526
0.78737526
0.78737526
0.78737526
0.78737526
0.78737526
0.78737526
0.78737526
0.78737526
0.78737526
0.78737526
0.78737526
0.78737526
0.78737526
0.78737526
0.78737526
0.78737526
0.78737526
0.78737526
0.78737526
0.78737526
0.78737526
0.78737526
0.78737526
0.78737526
1.2157465
1.2157465
1.2157465
1.2157465
1.2157465
1.2157465
1.2157465
1.2157465
1.2157465
1.2157465
1.2157465
1.2157465
1.2157465
1.2157465
1.2157465
1.2157465
1.2157465
1.2157465
1.2157465
1.2157465
1.2157465
1.2157465
1.2157465
1.2157465
1.2157465
1.2157465
1.2157465
1.2157465
1.2157465
1.2157465
1.2157465
1.2157465
1.2157465
1.2157465
1.2157465
1.2157465
1.2157465
1.2157465
1.2157465
1.2157465
1.2157465
1.2157465
1.2157465
1.2157465
1.2157465
1.2157465
1.2157465
1.2157465
1.2157465
1.2157465
1.2157465
1.2157465
1.2157465
1.2157465
1.2157465
1.2157465
1.2157465
1.3794206
1.7770135
1.7770135
1.7770135
1.7770135
1.7770135
2.1921162
2.1921162
2.1921162
2.1921162
2.1921162
2.1921162
2.1921162
2.1921162
2.1921162
2.1921162
2.1921162
2.1921162
2.1921162
2.1921162
2.1921162
2.1921162
2.1921162
2.1921162
2.1921162
2.1921162
2.1921162
2.1921162
2.1921162
2.1921162
2.1921162
2.1921162
2.1921162
2.1921162
2.1921162
2.1921162
2.1921162
2.1921162
2.1921162
2.1921162
2.1921162
2.1921162
2.1921162
2.1921162
2.1921162
2.1921162
2.1921162
2.1921162
2.1921162
2.1921162
2.1921162
2.1921162
2.1921162
2.1921162
2.1921162
2.1921162
2.1921162
2.1921162
2.1921162
2.1921162
2.1921162
2.1921162
2.1921162
2.1921162
2.1921162
2.1921162
2.1921162
2.1921162
2.1921162
2.1921162
2.1921162
2.1921162
2.1921162
2.1921162
2.1921162
2.1921162
2.1921162
2.1921162
2.1921162
2.1921162
2.1921162
2.1921162
2.1921162
2.1921162
2.1921162
2.1921162
2.1921162
2.1921162
2.1921162
2.1921162
2.1921162
2.1921162
2.1921162
2.1921162
2.1921162
2.1921162
2.1921162
2.1921162
2.1921162
2.1921162
2.1921162
2.1921162
2.1921162
2.3845769
2.3845769
2.3845769
2.3845769
2.3845769
2.3845769
2.3845769
2.3845769
2.3845769
2.3845769
2.3845769
2.3845769
2.3845769
3.0410665
3.3670938
3.3670938
3.3670938
3.3670938
3.3670938
3.3670938
3.3670938
3.3670938
3.3670938
3.3670938
3.3670938
3.3670938
3.3670938
3.3670938
3.3670938
3.3670938
3.3670938
3.3670938
3.3670938
3.3670938
3.3670938
3.3670938
3.3670938
3.3670938
3.3670938
3.3670938
3.3670938
3.3670938
3.3670938
3.868835
3.868835
3.868835
3.868835
3.868835
5.05
5.05
5.05
5.05
5.05
5.05
5.05
5.05
5.05
5.05
5.05
5.05
5.05
5.05
5.05
5.05
5.05
5.05
5.05
5.05
5.05
5.05
5.05
5.05
5.05
5.05
5.05
5.05
5.05
5.05
5.05
5.05
5.05
5.05
5.05
5.05
5.05
5.05
5.05
5.05
5.05
5.05
5.05
5.05
5.05
5.05
5.05
5.05
5.05
5.05
5.05
5.05
5.05
5.05
5.05
5.05
5.05
5.05
5.05
5.05
5.05
5.05
5.05
5.05
5.05
5.05
5.05
5.05
5.05
5.05
5.05
5.05
5.05
5.05
5.05
5.05
5.05
5.05
5.05
5.05
5.05
5.05
5.05
5.05
5.05
5.05
5.05
5.05
5.05
5.05
5.05
5.05
5.05
5.05
5.05
5.05
5.05
5.05
5.05
5.05
5.05
5.05
5.05
5.05
5.05
5.05
5.05
5.05
5.05
5.05
5.05
5.05
5.05
5.05
5.05
5.05
5.05
5.05
5.05
5.05
5.05
5.05
5.05
5.05
5.05
5.05
5.05
5.05
5.05
5.05
5.05
5.05
5.05
5.05
5.05
5.05
5.05
5.05
5.05
5.05
5.05
5.05
5.05
5.05
5.05
5.05
5.05
5.05
5.05
5.05
5.05
5.05
5.05
5.05
5.05
5.05
5.05
5.05
5.05
5.05
5.05
5.05
5.05
5.05
5.05
5.05
5.05
5.05
5.05
6.231165
6.231165
6.231165
6.231165
6.231165
6.7329062
6.7329062
6.7329062
6.7329062
6.7329062
6.7329062
6.7329062
6.7329062
6.7329062
6.7329062
6.7329062
6.7329062
6.7329062
6.7329062
6.7329062
6.7329062
6.7329062
6.7329062
6.7329062
6.7329062
6.7329062
6.7329062
6.7329062
6.7329062
6.7329062
6.7329062
6.7329062
6.7329062
6.7329062
7.0589335
7.7154231
7.7154231
7.7154231
7.7154231
7.7154231
7.7154231
7.7154231
7.7154231
7.7154231
7.7154231
7.7154231
7.7154231
7.7154231
7.9078838
7.9078838
7.9078838
7.9078838
7.9078838
7.9078838
7.9078838
7.9078838
7.9078838
7.9078838
7.9078838
7.9078838
7.9078838
7.9078838
7.9078838
7.9078838
7.9078838
7.9078838
7.9078838
7.9078838
7.9078838
7.9078838
7.9078838
7.9078838
7.9078838
7.9078838
7.9078838
7.9078838
7.9078838
7.9078838
7.9078838
7.9078838
7.9078838
7.9078838
7.9078838
7.9078838
7.9078838
7.9078838
7.9078838
7.9078838
7.9078838
7.9078838
7.9078838
7.9078838
7.9078838
7.9078838
7.9078838
7.9078838
7.9078838
7.9078838
7.9078838
7.9078838
7.9078838
7.9078838
7.9078838
7.9078838
7.9078838
7.9078838
7.9078838
7.9078838
7.9078838
7.9078838
7.9078838
7.9078838
7.9078838
7.9078838
7.9078838
7.9078838
7.9078838
7.9078838
7.9078838
7.9078838
7.9078838
7.9078838
7.9078838
7.9078838
7.9078838
7.9078838
7.9078838
7.9078838
7.9078838
7.9078838
7.9078838
7.9078838
7.9078838
7.9078838
7.9078838
7.9078838
7.9078838
7.9078838
7.9078838
7.9078838
7.9078838
7.9078838
7.9078838
7.9078838
7.9078838
8.3229865
8.3229865
8.3229865
8.3229865
8.3229865
8.7205794
8.8842535
8.8842535
8.8842535
8.8842535
8.8842535
8.8842535
8.8842535
8.8842535
8.8842535
8.8842535
8.8842535
8.8842535
8.8842535
8.8842535
8.8842535
8.8842535
8.8842535
8.8842535
8.8842535
8.8842535
8.8842535
8.8842535
8.8842535
8.8842535
8.8842535
8.8842535
8.8842535
8.8842535
8.8842535
8.8842535
8.8842535
8.8842535
8.8842535
8.8842535
8.8842535
8.8842535
8.8842535
8.8842535
8.8842535
8.8842535
8.8842535
8.8842535
8.8842535
8.8842535
8.8842535
8.8842535
8.8842535
8.8842535
8.8842535
8.8842535
8.8842535
8.8842535
8.8842535
8.8842535
8.8842535
8.8842535
8.8842535
9.3126247
9.3126247
9.3126247
9.3126247
9.3126247
9.3126247
9.3126247
9.3126247
9.3126247
9.3126247
9.3126247
9.3126247
9.3126247
9.3126247
9.3126247
9.3126247
9.3126247
9.3126247
9.3126247
9.3126247
9.3126247
9.3126247
9.3126247
9.3126247
9.3126247
9.3126247
9.3126247
9.3126247
9.3126247
9.5355902
9.5355902
9.5355902
9.5355902
9.5355902
9.5355902
9.5355902
9.5355902
9.5355902
9.5355902
9.5355902
9.5355902
9.5355902
9.6657241
9.6657241
9.6657241
9.6657241
9.6657241
9.7480842
