1.25
1.25
0.8169873
1.25
1.6830127
1.25
1.25
0.8169873
1.25
1.6830127
0.6690525
0.8169873
1.25
1.6830127
1.8309475
0.8169873
1.25
1.6830127
1.25
1.25
0.8169873
1.25
1.6830127
0.6690525
0.8169873
1.25
1.6830127
1.8309475
1.25
0.60414777
0.6690525
0.8169873
0.99501422
1.25
1.5049858
1.6830127
1.8309475
1.8958522
1.25
0.6690525
0.8169873
1.25
1.6830127
1.8309475
0.8169873
1.25
1.6830127
1.25
1.25
0.8169873
1.25
1.6830127
0.6690525
0.8169873
1.25
1.6830127
1.8309475
0.60414777
0.6690525
0.8169873
0.99501422
1.25
1.5049858
1.6830127
1.8309475
1.8958522
1.25
0.8169873
1.25
1.6830127
0.57036512
0.60414777
0.6690525
0.8169873
0.84614802
0.99501422
1.25
1.5049858
1.653852
1.6830127
1.8309475
1.8958522
1.9296349
0.8169873
1.25
1.6830127
1.25
0.60414777
0.6690525
0.8169873
0.99501422
1.25
1.5049858
1.6830127
1.8309475
1.8958522
0.6690525
0.8169873
1.25
1.6830127
1.8309475
0.8169873
1.25
1.6830127
1.25
1.25
1.25
0.8169873
1.25
1.6830127
1.25
1.25
0.8169873
1.25
1.6830127
0.6690525
0.8169873
1.25
1.6830127
1.8309475
0.60414777
0.6690525
0.8169873
0.99501422
1.25
1.5049858
1.6830127
1.8309475
1.8958522
1.25
0.57036512
0.60414777
0.6690525
0.84614802
0.99501422
1.25
1.5049858
1.653852
1.8309475
1.8958522
1.9296349
0.8169873
1.25
1.6830127
0.6690525
0.8169873
1.25
1.6830127
1.8309475
1.25
0.55064786
0.57036512
0.60414777
0.6690525
0.75409296
0.8169873
0.84614802
0.99501422
1.0710356
1.25
1.4289644
1.5049858
1.653852
1.6830127
1.745907
1.8309475
1.8958522
1.9296349
1.9493521
1.25
0.6690525
0.8169873
1.25
1.6830127
1.8309475
0.8169873
1.25
1.6830127
0.57036512
0.60414777
0.6690525
0.84614802
0.99501422
1.25
1.5049858
1.653852
1.8309475
1.8958522
1.9296349
1.25
0.60414777
0.6690525
0.8169873
0.99501422
1.25
1.5049858
1.6830127
1.8309475
1.8958522
0.6690525
0.8169873
1.25
1.6830127
1.8309475
0.8169873
1.25
1.6830127
1.25
1.25
0.8169873
1.25
1.6830127
0.6690525
0.8169873
1.25
1.6830127
1.8309475
0.8169873
1.25
1.6830127
1.25
1.25
1.25
0.8169873
1.25
1.6830127
0.6690525
0.8169873
1.25
1.6830127
1.8309475
1.25
0.60414777
0.6690525
0.8169873
0.99501422
1.25
1.5049858
1.6830127
1.8309475
1.8958522
1.25
0.6690525
0.8169873
1.25
1.6830127
1.8309475
0.8169873
1.25
1.6830127
1.25
1.25
0.8169873
1.25
1.6830127
1.25
1.25
0.8169873
1.25
1.6830127
0.6690525
0.8169873
1.25
1.6830127
1.8309475
0.60414777
0.6690525
0.8169873
0.99501422
1.25
1.5049858
1.6830127
1.8309475
1.8958522
0.57036512
0.60414777
0.6690525
0.8169873
0.84614802
0.99501422
1.25
1.5049858
1.653852
1.6830127
1.8309475
1.8958522
1.9296349
1.25
0.8169873
1.25
1.6830127
0.55064786
0.57036512
0.60414777
0.6690525
0.75409296
0.8169873
0.84614802
0.99501422
1.0710356
1.25
1.4289644
1.5049858
1.653852
1.6830127
1.745907
1.8309475
1.8958522
1.9296349
1.9493521
0.6690525
0.8169873
1.25
1.6830127
1.8309475
1.25
0.60414777
0.6690525
0.8169873
0.99501422
1.25
1.5049858
1.6830127
1.8309475
1.8958522
0.8169873
1.25
1.6830127
0.53816907
0.55064786
0.57036512
0.60414777
0.6690525
0.69385161
0.75409296
0.8169873
0.84614802
0.94561614
0.99501422
1.0710356
1.25
1.4289644
1.5049858
1.5543839
1.653852
1.6830127
1.745907
1.8061484
1.8309475
1.8958522
1.9296349
1.9493521
1.9618309
0.8169873
1.25
1.6830127
0.60414777
0.6690525
0.8169873
0.99501422
1.25
1.5049858
1.6830127
1.8309475
1.8958522
1.25
0.6690525
0.8169873
1.25
1.6830127
1.8309475
0.55064786
0.57036512
0.60414777
0.6690525
0.75409296
0.8169873
0.84614802
0.99501422
1.0710356
1.25
1.4289644
1.5049858
1.653852
1.6830127
1.745907
1.8309475
1.8958522
1.9296349
1.9493521
0.8169873
1.25
1.6830127
1.25
0.57036512
0.60414777
0.6690525
0.8169873
0.84614802
0.99501422
1.25
1.5049858
1.653852
1.6830127
1.8309475
1.8958522
1.9296349
0.60414777
0.6690525
0.8169873
0.99501422
1.25
1.5049858
1.6830127
1.8309475
1.8958522
0.6690525
0.8169873
1.25
1.6830127
1.8309475
0.8169873
1.25
1.6830127
1.25
1.25
0.8169873
1.25
1.6830127
1.25
1.25
0.8169873
1.25
1.6830127
0.6690525
0.8169873
1.25
1.6830127
1.8309475
1.25
0.60414777
0.6690525
0.8169873
0.99501422
1.25
1.5049858
1.6830127
1.8309475
1.8958522
1.25
0.6690525
0.8169873
1.25
1.6830127
1.8309475
0.8169873
1.25
1.6830127
1.25
1.25
1.25
0.8169873
1.25
1.6830127
0.6690525
0.8169873
1.25
1.6830127
1.8309475
0.8169873
1.25
1.6830127
1.25
1.25
0.8169873
1.25
1.6830127
0.6690525
0.8169873
1.25
1.6830127
1.8309475
0.60414777
0.6690525
0.8169873
0.99501422
1.25
1.5049858
1.6830127
1.8309475
1.8958522
1.25
0.57036512
0.60414777
0.6690525
0.84614802
0.99501422
1.25
1.5049858
1.653852
1.8309475
1.8958522
1.9296349
0.8169873
1.25
1.6830127
0.6690525
0.8169873
1.25
1.6830127
1.8309475
1.25
0.55064786
0.57036512
0.60414777
0.6690525
0.75409296
0.8169873
0.84614802
0.99501422
1.0710356
1.25
1.4289644
1.5049858
1.653852
1.6830127
1.745907
1.8309475
1.8958522
1.9296349
1.9493521
1.25
0.6690525
0.8169873
1.25
1.6830127
1.8309475
0.8169873
1.25
1.6830127
0.57036512
0.60414777
0.6690525
0.84614802
0.99501422
1.25
1.5049858
1.653852
1.8309475
1.8958522
1.9296349
1.25
0.60414777
0.6690525
0.8169873
0.99501422
1.25
1.5049858
1.6830127
1.8309475
1.8958522
0.6690525
0.8169873
1.25
1.6830127
1.8309475
0.8169873
1.25
1.6830127
1.25
1.25
0.8169873
1.25
1.6830127
1.25
1.25
1.25
0.8169873
1.25
1.6830127
0.6690525
0.8169873
1.25
1.6830127
1.8309475
0.60414777
0.6690525
0.8169873
0.99501422
1.25
1.5049858
1.6830127
1.8309475
1.8958522
1.25
0.8169873
1.25
1.6830127
0.57036512
0.60414777
0.6690525
0.8169873
0.84614802
0.99501422
1.25
1.5049858
1.653852
1.6830127
1.8309475
1.8958522
1.9296349
0.8169873
1.25
1.6830127
1.25
0.60414777
0.6690525
0.8169873
0.99501422
1.25
1.5049858
1.6830127
1.8309475
1.8958522
0.6690525
0.8169873
1.25
1.6830127
1.8309475
0.8169873
1.25
1.6830127
1.25
1.25
0.8169873
1.25
1.6830127
0.6690525
0.8169873
1.25
1.6830127
1.8309475
1.25
0.60414777
0.6690525
0.8169873
0.99501422
1.25
1.5049858
1.6830127
1.8309475
1.8958522
1.25
0.6690525
0.8169873
1.25
1.6830127
1.8309475
0.8169873
1.25
1.6830127
1.25
1.25
0.8169873
1.25
1.6830127
0.6690525
0.8169873
1.25
1.6830127
1.8309475
0.8169873
1.25
1.6830127
1.25
1.25
0.8169873
1.25
1.6830127
1.25
1.25
