0.675
0.51622868
0.675
0.675
0.675
0.83377132
0.46198592
0.51622868
0.51622868
0.51622868
0.675
0.675
0.675
0.675
0.675
0.83377132
0.83377132
0.83377132
0.88801408
0.43818751
0.46198592
0.46198592
0.46198592
0.51622868
0.51622868
0.51622868
0.51622868
0.51622868
0.58150521
0.675
0.675
0.675
0.675
0.675
0.675
0.675
0.675
0.675
0.76849479
0.83377132
0.83377132
0.83377132
0.83377132
0.83377132
0.88801408
0.88801408
0.88801408
0.91181249
0.42580054
0.43818751
0.43818751
0.43818751
0.46198592
0.46198592
0.46198592
0.46198592
0.46198592
0.51622868
0.51622868
0.51622868
0.51622868
0.51622868
0.51622868
0.51622868
0.51622868
0.51622868
0.52692094
0.58150521
0.58150521
0.58150521
0.675
0.675
0.675
0.675
0.675
0.675
0.675
0.675
0.675
0.675
0.675
0.675
0.675
0.76849479
0.76849479
0.76849479
0.82307906
0.83377132
0.83377132
0.83377132
0.83377132
0.83377132
0.83377132
0.83377132
0.83377132
0.83377132
0.88801408
0.88801408
0.88801408
0.88801408
0.88801408
0.91181249
0.91181249
0.91181249
0.92419946
0.675
0.51622868
0.675
0.675
0.675
0.83377132
0.41857088
0.42580054
0.42580054
0.42580054
0.43818751
0.43818751
0.43818751
0.43818751
0.43818751
0.46198592
0.46198592
0.46198592
0.46198592
0.46198592
0.46198592
0.46198592
0.46198592
0.46198592
0.49316742
0.51622868
0.51622868
0.51622868
0.51622868
0.51622868
0.51622868
0.51622868
0.51622868
0.51622868
0.51622868
0.51622868
0.52692094
0.52692094
0.52692094
0.58150521
0.58150521
0.58150521
0.58150521
0.58150521
0.60937972
0.675
0.675
0.675
0.675
0.675
0.675
0.675
0.675
0.675
0.675
0.675
0.675
0.675
0.675
0.675
0.675
0.675
0.675
0.675
0.74062028
0.76849479
0.76849479
0.76849479
0.76849479
0.76849479
0.82307906
0.82307906
0.82307906
0.83377132
0.83377132
0.83377132
0.83377132
0.83377132
0.83377132
0.83377132
0.83377132
0.83377132
0.83377132
0.83377132
0.85683258
0.88801408
0.88801408
0.88801408
0.88801408
0.88801408
0.88801408
0.88801408
0.88801408
0.88801408
0.91181249
0.91181249
0.91181249
0.91181249
0.91181249
0.92419946
0.92419946
0.92419946
0.93142912
0.46198592
0.51622868
0.51622868
0.51622868
0.675
0.675
0.675
0.675
0.675
0.83377132
0.83377132
0.83377132
0.88801408
0.675
0.43818751
0.46198592
0.46198592
0.46198592
0.51622868
0.51622868
0.51622868
0.51622868
0.51622868
0.58150521
0.675
0.675
0.675
0.675
0.675
0.675
0.675
0.675
0.675
0.76849479
0.83377132
0.83377132
0.83377132
0.83377132
0.83377132
0.88801408
0.88801408
0.88801408
0.91181249
0.51622868
0.675
0.675
0.675
0.83377132
0.41399532
0.41857088
0.41857088
0.41857088
0.42580054
0.42580054
0.42580054
0.42580054
0.42580054
0.43818751
0.43818751
0.43818751
0.43818751
0.43818751
0.43818751
0.43818751
0.43818751
0.43818751
0.46198592
0.46198592
0.46198592
0.46198592
0.46198592
0.46198592
0.46198592
0.46198592
0.46198592
0.46198592
0.46198592
0.46198592
0.46198592
0.47107892
0.49316742
0.49316742
0.49316742
0.51622868
0.51622868
0.51622868
0.51622868
0.51622868
0.51622868
0.51622868
0.51622868
0.51622868
0.51622868
0.51622868
0.51622868
0.51622868
0.51622868
0.51622868
0.51622868
0.51622868
0.51622868
0.51622868
0.52692094
0.52692094
0.52692094
0.52692094
0.52692094
0.56339258
0.58150521
0.58150521
0.58150521
0.58150521
0.58150521
0.58150521
0.58150521
0.58150521
0.58150521
0.60937972
0.60937972
0.60937972
0.675
0.675
0.675
0.675
0.675
0.675
0.675
0.675
0.675
0.675
0.675
0.675
0.675
0.675
0.675
0.675
0.675
0.675
0.675
0.675
0.675
0.675
0.675
0.675
0.675
0.74062028
0.74062028
0.74062028
0.76849479
0.76849479
0.76849479
0.76849479
0.76849479
0.76849479
0.76849479
0.76849479
0.76849479
0.78660742
0.82307906
0.82307906
0.82307906
0.82307906
0.82307906
0.83377132
0.83377132
0.83377132
0.83377132
0.83377132
0.83377132
0.83377132
0.83377132
0.83377132
0.83377132
0.83377132
0.83377132
0.83377132
0.83377132
0.83377132
0.83377132
0.83377132
0.83377132
0.83377132
0.85683258
0.85683258
0.85683258
0.87892108
0.88801408
0.88801408
0.88801408
0.88801408
0.88801408
0.88801408
0.88801408
0.88801408
0.88801408
0.88801408
0.88801408
0.88801408
0.88801408
0.91181249
0.91181249
0.91181249
0.91181249
0.91181249
0.91181249
0.91181249
0.91181249
0.91181249
0.92419946
0.92419946
0.92419946
0.92419946
0.92419946
0.93142912
0.93142912
0.93142912
0.93600468
0.51622868
0.675
0.675
0.675
0.83377132
0.43818751
0.46198592
0.46198592
0.46198592
0.51622868
0.51622868
0.51622868
0.51622868
0.51622868
0.58150521
0.675
0.675
0.675
0.675
0.675
0.675
0.675
0.675
0.675
0.76849479
0.83377132
0.83377132
0.83377132
0.83377132
0.83377132
0.88801408
0.88801408
0.88801408
0.91181249
0.675
0.46198592
0.51622868
0.51622868
0.51622868
0.675
0.675
0.675
0.675
0.675
0.83377132
0.83377132
0.83377132
0.88801408
0.41857088
0.42580054
0.42580054
0.42580054
0.43818751
0.43818751
0.43818751
0.43818751
0.43818751
0.46198592
0.46198592
0.46198592
0.46198592
0.46198592
0.46198592
0.46198592
0.46198592
0.46198592
0.49316742
0.51622868
0.51622868
0.51622868
0.51622868
0.51622868
0.51622868
0.51622868
0.51622868
0.51622868
0.51622868
0.51622868
0.52692094
0.52692094
0.52692094
0.58150521
0.58150521
0.58150521
0.58150521
0.58150521
0.60937972
0.675
0.675
0.675
0.675
0.675
0.675
0.675
0.675
0.675
0.675
0.675
0.675
0.675
0.675
0.675
0.675
0.675
0.675
0.675
0.74062028
0.76849479
0.76849479
0.76849479
0.76849479
0.76849479
0.82307906
0.82307906
0.82307906
0.83377132
0.83377132
0.83377132
0.83377132
0.83377132
0.83377132
0.83377132
0.83377132
0.83377132
0.83377132
0.83377132
0.85683258
0.88801408
0.88801408
0.88801408
0.88801408
0.88801408
0.88801408
0.88801408
0.88801408
0.88801408
0.91181249
0.91181249
0.91181249
0.91181249
0.91181249
0.92419946
0.92419946
0.92419946
0.93142912
0.51622868
0.675
0.675
0.675
0.83377132
0.675
0.42580054
0.43818751
0.43818751
0.43818751
0.46198592
0.46198592
0.46198592
0.46198592
0.46198592
0.51622868
0.51622868
0.51622868
0.51622868
0.51622868
0.51622868
0.51622868
0.51622868
0.51622868
0.52692094
0.58150521
0.58150521
0.58150521
0.675
0.675
0.675
0.675
0.675
0.675
0.675
0.675
0.675
0.675
0.675
0.675
0.675
0.76849479
0.76849479
0.76849479
0.82307906
0.83377132
0.83377132
0.83377132
0.83377132
0.83377132
0.83377132
0.83377132
0.83377132
0.83377132
0.88801408
0.88801408
0.88801408
0.88801408
0.88801408
0.91181249
0.91181249
0.91181249
0.92419946
0.43818751
0.46198592
0.46198592
0.46198592
0.51622868
0.51622868
0.51622868
0.51622868
0.51622868
0.58150521
0.675
0.675
0.675
0.675
0.675
0.675
0.675
0.675
0.675
0.76849479
0.83377132
0.83377132
0.83377132
0.83377132
0.83377132
0.88801408
0.88801408
0.88801408
0.91181249
0.46198592
0.51622868
0.51622868
0.51622868
0.675
0.675
0.675
0.675
0.675
0.83377132
0.83377132
0.83377132
0.88801408
0.51622868
0.675
0.675
0.675
0.83377132
0.675
